# This file may be used to create an environment using:
# $ conda create --name <env> --file <this file>
# platform: win-64
#领域分类和更新数据集接口所需环境
bzip2=1.0.8=h8ffe710_4
ca-certificates=2022.9.24=h5b45459_0
cudatoolkit=11.7.0=ha6f8bbd_10
faiss=1.7.2=py38cuda112h7f1466e_2_cuda
intel-openmp=2022.1.0=h57928b3_3787
jieba=0.42.1=pyhd8ed1ab_0
libblas=3.9.0=16_win64_mkl
libcblas=3.9.0=16_win64_mkl
libfaiss=1.7.2=cuda112h33bf9e0_2_cuda
libfaiss-avx2=1.7.2=cuda112h1234567_2_cuda
libffi=3.4.4=hd77b12b_0
liblapack=3.9.0=16_win64_mkl
libzlib=1.2.13=hcfcfb64_4
mkl=2022.1.0=h6a75c08_874
numpy=1.23.0=py38h223ccf5_0
openssl=3.0.7=hcfcfb64_0
pip=23.1.2=py38haa95532_0
python=3.8.13=hcf16a7b_0_cpython
python_abi=3.8=2_cp38
setuptools=67.8.0=py38haa95532_0
sqlite=3.41.2=h2bbff1b_0
tbb=2021.7.0=h91493d7_0
tk=8.6.12=h8ffe710_0
ucrt=10.0.22621.0=h57928b3_0
vc=14.2=h21ff451_1
vs2015_runtime=14.32.31332=h1d6e394_9
wheel=0.38.4=py38haa95532_0
xz=5.2.6=h8d14728_0

datasketch==1.5.9
jieba==0.42.1
nltk==3.8.1
numpy==1.24.3
opencv_contrib_python==4.6.0.66
opencv_python==4.6.0.66
openpyxl==3.1.2
paddlenlp==2.5.2
paddleocr==2.6.1.3
paddleocr.egg==info
paddlepaddle==2.4.2
pdfplumber==0.10.0
PyMuPDF==1.20.2
